Character Definition | A,C,G,U,* // Define characters here
InitialNode  | Left Length Distribution [0.999900000,0.000100000] | Left Letter Distribution [0.250000000,0.250000000,0.250000000,0.250000000,0.000000000] | Right Length Distribution [0.999900000,0.000100000] | Right Letter Distribution [0.250000000,0.250000000,0.250000000,0.250000000,0.000000000] | Left Index [1] | Right Index [11] // Initial node G1526 - C1546 from junction 
BasepairNode | Deletion Probability [0.0000224390099112] | Pair Probability [[0.009830065,0.020472507,0.011193821,0.203314028,0.000000000],[0.017266777,0.009639366,0.205036802,0.013415526,0.000000000],[0.011069507,0.220897605,0.002109966,0.027030175,0.000000000],[0.200711998,0.013924020,0.023693165,0.010394672,0.000000000],[0.000000000,0.000000000,0.000000000,0.000000000,0.000000000]] | Left Length Distribution [0.989901010,0.009999000,0.000099990] | Left Letter Distribution [0.250000000,0.250000000,0.250000000,0.250000000,0.000000000] | Right Length Distribution [0.989901010,0.009999000,0.000099990] | Right Letter Distribution [0.250000000,0.250000000,0.250000000,0.250000000,0.000000000] | Left Index [1] | Right Index [11] // Basepair G1526 - C1546 cWW 
BasepairNode | Deletion Probability [0.0000224390099112] | Pair Probability [[0.044130649,0.046718239,0.000529759,0.002496756,0.000000000],[0.044458508,0.046610059,0.000529759,0.000529759,0.000000000],[0.380732303,0.003708313,0.018128765,0.314747597,0.000000000],[0.049261589,0.046358426,0.000529759,0.000529759,0.000000000],[0.000000000,0.000000000,0.000000000,0.000000000,0.000000000]] | Left Length Distribution [0.989901010,0.009999000,0.000099990] | Left Letter Distribution [0.250000000,0.250000000,0.250000000,0.250000000,0.000000000] | Right Length Distribution [0.989901010,0.009999000,0.000099990] | Right Letter Distribution [0.250000000,0.250000000,0.250000000,0.250000000,0.000000000] | Left Index [2] | Right Index [10] // Basepair G1527 - A1545 tSH 
FixedNode    | Deletion Probability [0.0050000000000000] | Letter Distribution [0.785714286,0.071428571,0.071428571,0.071428571,0.000000000] | Position [2] | Left Index [3] | Right Index [9] // Fixed node on right
InitialNode  | Left Length Distribution [1.000000000] | Left Letter Distribution [0.250000000,0.250000000,0.250000000,0.250000000,0.000000000] | Right Length Distribution [0.045351474,0.907029478,0.045351474,0.002267574] | Right Letter Distribution [0.166666667,0.500000000,0.166666667,0.166666667,0.000000000] | Left Index [3] | Right Index [8] // New Initial node after Fixed node
BasepairNode | Deletion Probability [0.0000224390099112] | Pair Probability [[0.412141191,0.046163736,0.002755021,0.002810778,0.000000000],[0.353872073,0.000574629,0.048987525,0.005460173,0.000000000],[0.020054584,0.048361470,0.001434273,0.000574629,0.000000000],[0.027320436,0.028340225,0.000574629,0.000574629,0.000000000],[0.000000000,0.000000000,0.000000000,0.000000000,0.000000000]] | Left Length Distribution [0.989901010,0.009999000,0.000099990] | Left Letter Distribution [0.250000000,0.250000000,0.250000000,0.250000000,0.000000000] | Right Length Distribution [0.989901010,0.009999000,0.000099990] | Right Letter Distribution [0.250000000,0.250000000,0.250000000,0.250000000,0.000000000] | Left Index [3] | Right Index [8] // Basepair A1528 - A1542 tHH 
BasepairNode | Deletion Probability [0.0000224390099112] | Pair Probability [[0.044130649,0.044458508,0.380732303,0.049261589,0.000000000],[0.046718239,0.046610059,0.003708313,0.046358426,0.000000000],[0.000529759,0.000529759,0.018128765,0.000529759,0.000000000],[0.002496756,0.000529759,0.314747597,0.000529759,0.000000000],[0.000000000,0.000000000,0.000000000,0.000000000,0.000000000]] | Left Length Distribution [0.989901010,0.009999000,0.000099990] | Left Letter Distribution [0.250000000,0.250000000,0.250000000,0.250000000,0.000000000] | Right Length Distribution [0.989901010,0.009999000,0.000099990] | Right Letter Distribution [0.250000000,0.250000000,0.250000000,0.250000000,0.000000000] | Left Index [4] | Right Index [7] // Basepair A1528A - G1541 tHS 
BasepairNode | Deletion Probability [0.0000249735224443] | Pair Probability [[0.015996656,0.299826436,0.014459392,0.085420251,0.000000000],[0.013858629,0.012916026,0.036792527,0.014547577,0.000000000],[0.014149624,0.041974486,0.003276514,0.337552385,0.000000000],[0.036940494,0.015890415,0.014540501,0.041858086,0.000000000],[0.000000000,0.000000000,0.000000000,0.000000000,0.000000000]] | Left Length Distribution [0.999900000,0.000100000] | Left Letter Distribution [0.250000000,0.250000000,0.250000000,0.250000000,0.000000000] | Right Length Distribution [0.999900000,0.000100000] | Right Letter Distribution [0.250000000,0.250000000,0.250000000,0.250000000,0.000000000] | Left Index [5] | Right Index [6] // Basepair G1529 - U1540 cWW 
HairpinNode  | Num Bases [1] | Left Index [6] | Right Index [6] | Norm Constant [1.000000000000000] // Hairpin node type *
Interaction  | Interacting Bases [1,1] | Pair Probability [[0.000000000,0.000000000,0.000000000,0.000000000,0.000000000],[0.000000000,0.000000000,0.000000000,0.000000000,0.000000000],[0.000000000,0.000000000,0.000000000,0.000000000,0.000000000],[0.000000000,0.000000000,0.000000000,0.000000000,0.000000000],[0.000000000,0.000000000,0.000000000,0.000000000,1.000000000]] // Hairpin for truncation
