Character Definition | A,C,G,U,* // Define characters here
InitialNode  | Left Length Distribution [0.999900000,0.000100000] | Left Letter Distribution [0.250000000,0.250000000,0.250000000,0.250000000,0.000000000] | Right Length Distribution [0.999900000,0.000100000] | Right Letter Distribution [0.250000000,0.250000000,0.250000000,0.250000000,0.000000000] | Left Index [1] | Right Index [14] // Initial node G409 - C433 from junction 
BasepairNode | Deletion Probability [0.0000224390099112] | Pair Probability [[0.003861747,0.056298454,0.004397499,0.079872036,0.000000000],[0.006783263,0.026507815,0.080548829,0.005270297,0.000000000],[0.004348662,0.590132004,0.000828901,0.010618820,0.000000000],[0.078849827,0.038290418,0.009307874,0.004083553,0.000000000],[0.000000000,0.000000000,0.000000000,0.000000000,0.000000000]] | Left Length Distribution [0.989901010,0.009999000,0.000099990] | Left Letter Distribution [0.250000000,0.250000000,0.250000000,0.250000000,0.000000000] | Right Length Distribution [0.989901010,0.009999000,0.000099990] | Right Letter Distribution [0.250000000,0.250000000,0.250000000,0.250000000,0.000000000] | Left Index [1] | Right Index [14] // Basepair G409 - C433 cWW 
BasepairNode | Deletion Probability [0.0000224390099112] | Pair Probability [[0.044130649,0.046718239,0.000529759,0.002496756,0.000000000],[0.044458508,0.046610059,0.000529759,0.000529759,0.000000000],[0.380732303,0.003708313,0.018128765,0.314747597,0.000000000],[0.049261589,0.046358426,0.000529759,0.000529759,0.000000000],[0.000000000,0.000000000,0.000000000,0.000000000,0.000000000]] | Left Length Distribution [0.989901010,0.009999000,0.000099990] | Left Letter Distribution [0.250000000,0.250000000,0.250000000,0.250000000,0.000000000] | Right Length Distribution [0.989901010,0.009999000,0.000099990] | Right Letter Distribution [0.250000000,0.250000000,0.250000000,0.250000000,0.000000000] | Left Index [2] | Right Index [13] // Basepair G410 - A432 tSH 
ClusterNode  | Deletion Probability [0.000000000000000000001906753397244242900000000000000000000000] | Num Left Bases [4] | Num Right Bases [4] | Left Index [3] | Right Index [12] | Norm Constant [0.277489062672778] // Cluster node A411:A415 and G428:A431
Interaction  | Interacting Bases [2,5] | Pair Probability [[0.001233619,0.001032570,0.008256762,0.000741676,0.000000000],[0.000144430,0.000144430,0.088920836,0.000144430,0.000000000],[0.098282166,0.001011010,0.717607902,0.081035870,0.000000000],[0.000144430,0.000144430,0.001011010,0.000144430,0.000000000],[0.000000000,0.000000000,0.000000000,0.000000000,0.000000000]] // Cluster Interaction G413 - G428 tSS 
Interaction  | Interacting Bases [4,5] | Pair Probability [[0.005399994,0.006210261,0.798314138,0.095149586,0.000000000],[0.005139355,0.001126304,0.033900516,0.012049641,0.000000000],[0.009261805,0.004893644,0.007884131,0.001126304,0.000000000],[0.005408282,0.005125602,0.007884131,0.001126304,0.000000000],[0.000000000,0.000000000,0.000000000,0.000000000,0.000000000]] // Cluster Interaction A415 - G428 tHH 
Interaction  | Interacting Bases [1,7] | Pair Probability [[0.375057930,0.003651569,0.322134033,0.003651569,0.000000000],[0.031255259,0.015495970,0.003651569,0.003651569,0.000000000],[0.003651569,0.009045434,0.134222277,0.039085253,0.000000000],[0.016500420,0.003651569,0.017501970,0.017792036,0.000000000],[0.000000000,0.000000000,0.000000000,0.000000000,0.000000000]] // Cluster Interaction A411 - A430 tWH 
Interaction  | Interacting Bases [3,7] | Pair Probability [[0.375057930,0.031255259,0.003651569,0.016500420,0.000000000],[0.003651569,0.015495970,0.009045434,0.003651569,0.000000000],[0.322134033,0.003651569,0.134222277,0.017501970,0.000000000],[0.003651569,0.003651569,0.039085253,0.017792036,0.000000000],[0.000000000,0.000000000,0.000000000,0.000000000,0.000000000]] // Cluster Interaction A414 - A430 tHW 
Interaction  | Interacting Bases [6,8] | Pair Probability [[0.003098658,0.003098658,0.013353226,0.013415874,0.000000000],[0.003098658,0.014901162,0.003098658,0.293495075,0.000000000],[0.011416052,0.003098658,0.010709656,0.003098658,0.000000000],[0.319766810,0.003098658,0.286715797,0.014535741,0.000000000],[0.000000000,0.000000000,0.000000000,0.000000000,0.000000000]] // Cluster Interaction U429 - A431 cWH 
Insertion    | Location [1] | Length Distribution [0.045351474,0.907029478,0.045351474,0.002267574] | Letter Distribution [0.500000000,0.166666667,0.166666667,0.166666667,0.000000000]// Insertion after nucleotide 3, position 1 in cluster node
InitialNode  | Left Length Distribution [0.989901010,0.009999000,0.000099990] | Left Letter Distribution [0.250000000,0.250000000,0.250000000,0.250000000,0.000000000] | Right Length Distribution [0.989901010,0.009999000,0.000099990] | Right Letter Distribution [0.250000000,0.250000000,0.250000000,0.250000000,0.000000000] | Left Index [7] | Right Index [8] // New Initial node after Cluster
BasepairNode | Deletion Probability [0.0000249735224443] | Pair Probability [[0.015996656,0.299826436,0.014459392,0.085420251,0.000000000],[0.013858629,0.012916026,0.036792527,0.014547577,0.000000000],[0.014149624,0.041974486,0.003276514,0.337552385,0.000000000],[0.036940494,0.015890415,0.014540501,0.041858086,0.000000000],[0.000000000,0.000000000,0.000000000,0.000000000,0.000000000]] | Left Length Distribution [0.999900000,0.000100000] | Left Letter Distribution [0.250000000,0.250000000,0.250000000,0.250000000,0.000000000] | Right Length Distribution [0.999900000,0.000100000] | Right Letter Distribution [0.250000000,0.250000000,0.250000000,0.250000000,0.000000000] | Left Index [7] | Right Index [8] // Basepair G416 - U427 cWW 
HairpinNode  | Num Bases [1] | Left Index [8] | Right Index [8] | Norm Constant [1.000000000000000] // Hairpin node type *
Interaction  | Interacting Bases [1,1] | Pair Probability [[0.000000000,0.000000000,0.000000000,0.000000000,0.000000000],[0.000000000,0.000000000,0.000000000,0.000000000,0.000000000],[0.000000000,0.000000000,0.000000000,0.000000000,0.000000000],[0.000000000,0.000000000,0.000000000,0.000000000,0.000000000],[0.000000000,0.000000000,0.000000000,0.000000000,1.000000000]] // Hairpin for truncation
