Character Definition | A,C,G,U,* // Define characters here
InitialNode  | Left Length Distribution [0.999900000,0.000100000] | Left Letter Distribution [0.250000000,0.250000000,0.250000000,0.250000000,0.000000000] | Right Length Distribution [0.999900000,0.000100000] | Right Letter Distribution [0.250000000,0.250000000,0.250000000,0.250000000,0.000000000] | Left Index [1] | Right Index [18] // Initial node C71 - G105 from junction 
BasepairNode | Deletion Probability [0.0000244705618206] | Pair Probability [[0.009176708,0.016456041,0.010549755,0.191287868,0.000000000],[0.019511251,0.009346211,0.257693361,0.013270239,0.000000000],[0.010668232,0.195409608,0.002010896,0.022580688,0.000000000],[0.193767724,0.012785620,0.025761014,0.009724784,0.000000000],[0.000000000,0.000000000,0.000000000,0.000000000,0.000000000]] | Left Length Distribution [0.997990020,0.001999980,0.000010000] | Left Letter Distribution [0.250000000,0.250000000,0.250000000,0.250000000,0.000000000] | Right Length Distribution [0.997990020,0.001999980,0.000010000] | Right Letter Distribution [0.250000000,0.250000000,0.250000000,0.250000000,0.000000000] | Left Index [1] | Right Index [18] // Basepair C71 - G105 cWW 
BasepairNode | Deletion Probability [0.0000244705618206] | Pair Probability [[0.094144647,0.137151168,0.001405371,0.006444067,0.000000000],[0.095099306,0.124240148,0.001405371,0.001405371,0.000000000],[0.183926209,0.001405371,0.006681429,0.100935406,0.000000000],[0.127246083,0.115699309,0.001405371,0.001405371,0.000000000],[0.000000000,0.000000000,0.000000000,0.000000000,0.000000000]] | Left Length Distribution [0.997990020,0.001999980,0.000010000] | Left Letter Distribution [0.250000000,0.250000000,0.250000000,0.250000000,0.000000000] | Right Length Distribution [0.997990020,0.001999980,0.000010000] | Right Letter Distribution [0.250000000,0.250000000,0.250000000,0.250000000,0.000000000] | Left Index [2] | Right Index [17] // Basepair G72 - A104 tSH 
BasepairNode | Deletion Probability [0.0000244705618206] | Pair Probability [[0.018067094,0.040207941,0.003998277,0.456431444,0.000000000],[0.003998277,0.322184696,0.009584133,0.003998277,0.000000000],[0.018765634,0.003998277,0.030406557,0.023197522,0.000000000],[0.003998277,0.003998277,0.017782958,0.039382361,0.000000000],[0.000000000,0.000000000,0.000000000,0.000000000,0.000000000]] | Left Length Distribution [0.997990020,0.001999980,0.000010000] | Left Letter Distribution [0.250000000,0.250000000,0.250000000,0.250000000,0.000000000] | Right Length Distribution [0.997990020,0.001999980,0.000010000] | Right Letter Distribution [0.250000000,0.250000000,0.250000000,0.250000000,0.000000000] | Left Index [3] | Right Index [16] // Basepair A73 - U103 tHW 
BasepairNode | Deletion Probability [0.0000244705618206] | Pair Probability [[0.044213918,0.022641229,0.003536648,0.003536648,0.000000000],[0.289226275,0.013559418,0.003536648,0.003536648,0.000000000],[0.003536648,0.003536648,0.166226114,0.003536648,0.000000000],[0.003536648,0.003536648,0.428766564,0.003536648,0.000000000],[0.000000000,0.000000000,0.000000000,0.000000000,0.000000000]] | Left Length Distribution [0.997990020,0.001999980,0.000010000] | Left Letter Distribution [0.250000000,0.250000000,0.250000000,0.250000000,0.000000000] | Right Length Distribution [0.997990020,0.001999980,0.000010000] | Right Letter Distribution [0.250000000,0.250000000,0.250000000,0.250000000,0.000000000] | Left Index [4] | Right Index [15] // Basepair U74 - G102 bif 
BasepairNode | Deletion Probability [0.0000244705618206] | Pair Probability [[0.008203445,0.008203445,0.008203445,0.008203445,0.000000000],[0.008203445,0.008203445,0.008203445,0.008203445,0.000000000],[0.876948318,0.008203445,0.008203445,0.008203445,0.000000000],[0.008203445,0.008203445,0.008203445,0.008203445,0.000000000],[0.000000000,0.000000000,0.000000000,0.000000000,0.000000000]] | Left Length Distribution [0.997990020,0.001999980,0.000010000] | Left Letter Distribution [0.250000000,0.250000000,0.250000000,0.250000000,0.000000000] | Right Length Distribution [0.997990020,0.001999980,0.000010000] | Right Letter Distribution [0.250000000,0.250000000,0.250000000,0.250000000,0.000000000] | Left Index [5] | Right Index [14] // Basepair G75 - A101 wat 
BasepairNode | Deletion Probability [0.0000244705618206] | Pair Probability [[0.295900575,0.193605900,0.002822834,0.002822834,0.000000000],[0.011845107,0.008290765,0.002822834,0.002822834,0.000000000],[0.002822834,0.002822834,0.329453207,0.132676106,0.000000000],[0.002822834,0.002822834,0.002822834,0.002822834,0.000000000],[0.000000000,0.000000000,0.000000000,0.000000000,0.000000000]] | Left Length Distribution [0.997990020,0.001999980,0.000010000] | Left Letter Distribution [0.250000000,0.250000000,0.250000000,0.250000000,0.000000000] | Right Length Distribution [0.997990020,0.001999980,0.000010000] | Right Letter Distribution [0.250000000,0.250000000,0.250000000,0.250000000,0.000000000] | Left Index [6] | Right Index [13] // Basepair G76 - G100 bif 
BasepairNode | Deletion Probability [0.0000244705618206] | Pair Probability [[0.018067094,0.003998277,0.018765634,0.003998277,0.000000000],[0.040207941,0.322184696,0.003998277,0.003998277,0.000000000],[0.003998277,0.009584133,0.030406557,0.017782958,0.000000000],[0.456431444,0.003998277,0.023197522,0.039382361,0.000000000],[0.000000000,0.000000000,0.000000000,0.000000000,0.000000000]] | Left Length Distribution [0.997990020,0.001999980,0.000010000] | Left Letter Distribution [0.250000000,0.250000000,0.250000000,0.250000000,0.000000000] | Right Length Distribution [0.997990020,0.001999980,0.000010000] | Right Letter Distribution [0.250000000,0.250000000,0.250000000,0.250000000,0.000000000] | Left Index [7] | Right Index [12] // Basepair U77 - A99 tWH 
BasepairNode | Deletion Probability [0.0000244705618206] | Pair Probability [[0.128216004,0.118592061,0.179335584,0.126469549,0.000000000],[0.099021675,0.106758298,0.001369031,0.120468057,0.000000000],[0.001369031,0.001369031,0.007770372,0.001369031,0.000000000],[0.006845192,0.001369031,0.098309023,0.001369031,0.000000000],[0.000000000,0.000000000,0.000000000,0.000000000,0.000000000]] | Left Length Distribution [0.997990020,0.001999980,0.000010000] | Left Letter Distribution [0.250000000,0.250000000,0.250000000,0.250000000,0.000000000] | Right Length Distribution [0.997990020,0.001999980,0.000010000] | Right Letter Distribution [0.250000000,0.250000000,0.250000000,0.250000000,0.000000000] | Left Index [8] | Right Index [11] // Basepair A78 - G98 tHS 
BasepairNode | Deletion Probability [0.0000249735224443] | Pair Probability [[0.009303158,0.018489895,0.010627125,0.192911785,0.000000000],[0.017471954,0.009238523,0.216141290,0.012945225,0.000000000],[0.010587651,0.236901681,0.002010592,0.024697007,0.000000000],[0.192085542,0.013106691,0.023637380,0.009844500,0.000000000],[0.000000000,0.000000000,0.000000000,0.000000000,0.000000000]] | Left Length Distribution [0.999900000,0.000100000] | Left Letter Distribution [0.250000000,0.250000000,0.250000000,0.250000000,0.000000000] | Right Length Distribution [0.999900000,0.000100000] | Right Letter Distribution [0.250000000,0.250000000,0.250000000,0.250000000,0.000000000] | Left Index [9] | Right Index [10] // Basepair G79 - C97 cWW 
HairpinNode  | Num Bases [1] | Left Index [10] | Right Index [10] | Norm Constant [1.000000000000000] // Hairpin node type *
Interaction  | Interacting Bases [1,1] | Pair Probability [[0.000000000,0.000000000,0.000000000,0.000000000,0.000000000],[0.000000000,0.000000000,0.000000000,0.000000000,0.000000000],[0.000000000,0.000000000,0.000000000,0.000000000,0.000000000],[0.000000000,0.000000000,0.000000000,0.000000000,0.000000000],[0.000000000,0.000000000,0.000000000,0.000000000,1.000000000]] // Hairpin for truncation
