Character Definition | A,C,G,U,* // Define characters here
InitialNode  | Left Length Distribution [0.999900000,0.000100000] | Left Letter Distribution [0.250000000,0.250000000,0.250000000,0.250000000,0.000000000] | Right Length Distribution [0.999900000,0.000100000] | Right Letter Distribution [0.250000000,0.250000000,0.250000000,0.250000000,0.000000000] | Left Index [1] | Right Index [12] // Initial node G1515 - C1520 from junction 
BasepairNode | Deletion Probability [0.0000224390099112] | Pair Probability [[0.003861747,0.056298454,0.004397499,0.079872036,0.000000000],[0.006783263,0.026507815,0.080548829,0.005270297,0.000000000],[0.004348662,0.590132004,0.000828901,0.010618820,0.000000000],[0.078849827,0.038290418,0.009307874,0.004083553,0.000000000],[0.000000000,0.000000000,0.000000000,0.000000000,0.000000000]] | Left Length Distribution [0.989901010,0.009999000,0.000099990] | Left Letter Distribution [0.250000000,0.250000000,0.250000000,0.250000000,0.000000000] | Right Length Distribution [0.989901010,0.009999000,0.000099990] | Right Letter Distribution [0.250000000,0.250000000,0.250000000,0.250000000,0.000000000] | Left Index [1] | Right Index [12] // Basepair G1515 - C1520 cWW 
BasepairNode | Deletion Probability [0.0000224390099112] | Pair Probability [[0.044130649,0.046718239,0.000529759,0.002496756,0.000000000],[0.044458508,0.046610059,0.000529759,0.000529759,0.000000000],[0.380732303,0.003708313,0.018128765,0.314747597,0.000000000],[0.049261589,0.046358426,0.000529759,0.000529759,0.000000000],[0.000000000,0.000000000,0.000000000,0.000000000,0.000000000]] | Left Length Distribution [0.989901010,0.009999000,0.000099990] | Left Letter Distribution [0.250000000,0.250000000,0.250000000,0.250000000,0.000000000] | Right Length Distribution [0.989901010,0.009999000,0.000099990] | Right Letter Distribution [0.250000000,0.250000000,0.250000000,0.250000000,0.000000000] | Left Index [2] | Right Index [11] // Basepair G1516 - A1519 tSH 
BasepairNode | Deletion Probability [0.0000224390099112] | Pair Probability [[0.113862076,0.120538352,0.001366838,0.006441913,0.000000000],[0.114707989,0.120259235,0.001366838,0.001366838,0.000000000],[0.146584821,0.001366838,0.006682038,0.116012068,0.000000000],[0.127100484,0.119609993,0.001366838,0.001366838,0.000000000],[0.000000000,0.000000000,0.000000000,0.000000000,0.000000000]] | Left Length Distribution [0.989901010,0.009999000,0.000099990] | Left Letter Distribution [0.250000000,0.250000000,0.250000000,0.250000000,0.000000000] | Right Length Distribution [0.989901010,0.009999000,0.000099990] | Right Letter Distribution [0.250000000,0.250000000,0.250000000,0.250000000,0.000000000] | Left Index [3] | Right Index [10] // Basepair G1517 - A1518 tSH 
BasepairNode | Deletion Probability [0.0000224390099112] | Pair Probability [[0.113862076,0.114707989,0.146584821,0.127100484,0.000000000],[0.120538352,0.120259235,0.001366838,0.119609993,0.000000000],[0.001366838,0.001366838,0.006682038,0.001366838,0.000000000],[0.006441913,0.001366838,0.116012068,0.001366838,0.000000000],[0.000000000,0.000000000,0.000000000,0.000000000,0.000000000]] | Left Length Distribution [0.989901010,0.009999000,0.000099990] | Left Letter Distribution [0.250000000,0.250000000,0.250000000,0.250000000,0.000000000] | Right Length Distribution [0.989901010,0.009999000,0.000099990] | Right Letter Distribution [0.250000000,0.250000000,0.250000000,0.250000000,0.000000000] | Left Index [4] | Right Index [9] // Basepair A1518 - G1517 tHS 
BasepairNode | Deletion Probability [0.0000224390099112] | Pair Probability [[0.113862076,0.114707989,0.146584821,0.127100484,0.000000000],[0.120538352,0.120259235,0.001366838,0.119609993,0.000000000],[0.001366838,0.001366838,0.006682038,0.001366838,0.000000000],[0.006441913,0.001366838,0.116012068,0.001366838,0.000000000],[0.000000000,0.000000000,0.000000000,0.000000000,0.000000000]] | Left Length Distribution [0.989901010,0.009999000,0.000099990] | Left Letter Distribution [0.250000000,0.250000000,0.250000000,0.250000000,0.000000000] | Right Length Distribution [0.989901010,0.009999000,0.000099990] | Right Letter Distribution [0.250000000,0.250000000,0.250000000,0.250000000,0.000000000] | Left Index [5] | Right Index [8] // Basepair A1519 - G1516 tHS 
BasepairNode | Deletion Probability [0.0000249735224443] | Pair Probability [[0.009631000,0.017270697,0.011072020,0.200757565,0.000000000],[0.020477154,0.009808895,0.220945507,0.013927182,0.000000000],[0.011196362,0.205083350,0.002110445,0.023698544,0.000000000],[0.203360186,0.013418572,0.027036311,0.010206209,0.000000000],[0.000000000,0.000000000,0.000000000,0.000000000,0.000000000]] | Left Length Distribution [0.999900000,0.000100000] | Left Letter Distribution [0.250000000,0.250000000,0.250000000,0.250000000,0.000000000] | Right Length Distribution [0.999900000,0.000100000] | Right Letter Distribution [0.250000000,0.250000000,0.250000000,0.250000000,0.000000000] | Left Index [6] | Right Index [7] // Basepair C1520 - G1515 cWW 
HairpinNode  | Num Bases [1] | Left Index [7] | Right Index [7] | Norm Constant [1.000000000000000] // Hairpin node type *
Interaction  | Interacting Bases [1,1] | Pair Probability [[0.000000000,0.000000000,0.000000000,0.000000000,0.000000000],[0.000000000,0.000000000,0.000000000,0.000000000,0.000000000],[0.000000000,0.000000000,0.000000000,0.000000000,0.000000000],[0.000000000,0.000000000,0.000000000,0.000000000,0.000000000],[0.000000000,0.000000000,0.000000000,0.000000000,1.000000000]] // Hairpin for truncation
