1 19 tSS AA 0.0619 AC 0.0619 AG 0.0619 AU 0.0619 CA 0.0718 CC 0.0619 CG 0.0619 CU 0.0619 GA 0.0619 GC 0.0619 GG 0.0619 GU 0.0619 UA 0.0619 UC 0.0619 UG 0.0619 UU 0.0619 
1 23 cWW AA 0.0096 AC 0.0173 AG 0.0111 AU 0.2008 CA 0.0205 CC 0.0098 CG 0.2209 CU 0.0139 GA 0.0112 GC 0.2051 GG 0.0021 GU 0.0237 UA 0.2034 UC 0.0134 UG 0.0270 UU 0.0102 
2 18 tHH AA 0.0197 AC 0.0226 AG 0.4203 AU 0.3467 CA 0.0187 CC 0.0041 CG 0.0176 CU 0.0439 GA 0.0337 GC 0.0178 GG 0.0041 GU 0.0041 UA 0.0197 UC 0.0187 UG 0.0041 UU 0.0041 
3 19 tWW AA 0.0497 AC 0.0059 AG 0.0013 AU 0.0062 CA 0.6714 CC 0.0057 CG 0.0052 CU 0.0057 GA 0.0066 GC 0.0039 GG 0.0153 GU 0.0060 UA 0.0781 UC 0.0059 UG 0.1214 UU 0.0116 
4 8 tWH AA 0.5006 AC 0.0049 AG 0.4329 AU 0.0049 CA 0.0060 CC 0.0030 CG 0.0007 CU 0.0007 GA 0.0007 GC 0.0017 GG 0.0258 GU 0.0075 UA 0.0032 UC 0.0007 UG 0.0034 UU 0.0034 
4 16 cSS AA 0.1825 AC 0.1891 AG 0.1883 AU 0.2095 CA 0.0256 CC 0.0272 CG 0.0011 CU 0.0250 GA 0.0263 GC 0.0011 GG 0.0031 GU 0.0260 UA 0.0237 UC 0.0220 UG 0.0238 UU 0.0256 
5 20 tSW AA 0.0718 AC 0.0714 AG 0.0009 AU 0.0043 CA 0.0835 CC 0.0039 CG 0.0009 CU 0.0036 GA 0.6344 GC 0.0062 GG 0.0062 GU 0.0205 UA 0.0772 UC 0.0039 UG 0.0070 UU 0.0043 
6 12 cWS AA 0.0076 AC 0.0079 AG 0.0072 AU 0.0080 CA 0.0119 CC 0.0120 CG 0.0026 CU 0.0121 GA 0.0100 GC 0.0026 GG 0.0092 GU 0.0071 UA 0.2122 UC 0.2108 UG 0.2656 UU 0.2132 
7 11 cSS AA 0.0831 AC 0.0778 AG 0.0797 AU 0.0736 CA 0.0863 CC 0.0848 CG 0.0034 CU 0.0116 GA 0.0997 GC 0.0035 GG 0.0077 GU 0.0619 UA 0.0847 UC 0.0781 UG 0.0788 UU 0.0852 
7 15 cHW AA 0.0050 AC 0.0050 AG 0.2065 AU 0.0172 CA 0.0050 CC 0.0526 CG 0.0050 CU 0.0050 GA 0.0511 GC 0.0050 GG 0.5065 GU 0.0155 UA 0.0421 UC 0.0179 UG 0.0050 UU 0.0558 
8 9 cSH AA 0.1042 AC 0.1246 AG 0.0056 AU 0.0439 CA 0.1005 CC 0.0993 CG 0.0011 CU 0.0093 GA 0.0100 GC 0.0011 GG 0.1042 GU 0.0942 UA 0.1045 UC 0.1033 UG 0.0011 UU 0.0929 
9 22 cWH AA 0.0619 AC 0.0619 AG 0.0619 AU 0.0619 CA 0.0619 CC 0.0619 CG 0.0718 CU 0.0619 GA 0.0619 GC 0.0619 GG 0.0619 GU 0.0619 UA 0.0619 UC 0.0619 UG 0.0619 UU 0.0619 
10 21 cHW AA 0.0248 AC 0.0248 AG 0.0248 AU 0.0248 CA 0.0248 CC 0.0248 CG 0.0248 CU 0.0248 GA 0.1733 GC 0.1832 GG 0.1733 GU 0.1733 UA 0.0248 UC 0.0248 UG 0.0248 UU 0.0248 
13 14 cWW AA 0.0091 AC 0.0177 AG 0.0100 AU 0.1983 CA 0.0223 CC 0.0099 CG 0.1989 CU 0.0112 GA 0.0100 GC 0.1964 GG 0.0021 GU 0.0233 UA 0.2163 UC 0.0105 UG 0.0538 UU 0.0102 
16 20 tWH AA 0.0190 AC 0.0042 AG 0.0197 AU 0.0042 CA 0.0422 CC 0.3381 CG 0.0042 CU 0.0042 GA 0.0042 GC 0.0101 GG 0.0319 GU 0.0187 UA 0.4295 UC 0.0042 UG 0.0243 UU 0.0413 
20 21 cSH AA 0.1042 AC 0.1246 AG 0.0056 AU 0.0439 CA 0.1005 CC 0.0993 CG 0.0011 CU 0.0093 GA 0.0100 GC 0.0011 GG 0.1042 GU 0.0942 UA 0.1045 UC 0.1033 UG 0.0011 UU 0.0929 
