Character Definition | A,C,G,U,* // Define characters here
InitialNode  | Left Length Distribution [0.999900000,0.000100000] | Left Letter Distribution [0.250000000,0.250000000,0.250000000,0.250000000,0.000000000] | Right Length Distribution [0.999900000,0.000100000] | Right Letter Distribution [0.250000000,0.250000000,0.250000000,0.250000000,0.000000000] | Left Index [1] | Right Index [14] // Initial node G143 - C172 from junction 
BasepairNode | Deletion Probability [0.0000229437914523] | Pair Probability [[0.009733692,0.020271796,0.011084078,0.201320753,0.000000000],[0.017097495,0.009544863,0.203026637,0.013284001,0.000000000],[0.010960983,0.228535864,0.002089280,0.026765173,0.000000000],[0.198744233,0.013787510,0.023460879,0.010292763,0.000000000],[0.000000000,0.000000000,0.000000000,0.000000000,0.000000000]] | Left Length Distribution [0.991950402,0.007999600,0.000049998] | Left Letter Distribution [0.250000000,0.250000000,0.250000000,0.250000000,0.000000000] | Right Length Distribution [0.991950402,0.007999600,0.000049998] | Right Letter Distribution [0.250000000,0.250000000,0.250000000,0.250000000,0.000000000] | Left Index [1] | Right Index [14] // Basepair G143 - C172 cWW 
BasepairNode | Deletion Probability [0.0000001182498160] | Pair Probability [[0.015985713,0.015946304,0.178977484,0.106941382,0.000000000],[0.018368399,0.009993418,0.108100181,0.028083895,0.000000000],[0.195898738,0.106732970,0.002833426,0.019345875,0.000000000],[0.120814344,0.026540520,0.034640623,0.010796729,0.000000000],[0.000000000,0.000000000,0.000000000,0.000000000,0.000000000]] | Left Length Distribution [0.991950402,0.007999600,0.000049998] | Left Letter Distribution [0.250000000,0.250000000,0.250000000,0.250000000,0.000000000] | Right Length Distribution [0.023781213,0.951248514,0.023781213,0.001189061] | Right Letter Distribution [0.125000000,0.125000000,0.125000000,0.625000000,0.000000000] | Left Index [2] | Right Index [13] // Basepair U144 - A171 cWW 
BasepairNode | Deletion Probability [0.0000229437914523] | Pair Probability [[0.381184813,0.003615770,0.318975856,0.003615770,0.000000000],[0.030948835,0.015344049,0.003615770,0.003615770,0.000000000],[0.003615770,0.008956754,0.132906372,0.038702064,0.000000000],[0.016338652,0.003615770,0.017330382,0.017617604,0.000000000],[0.000000000,0.000000000,0.000000000,0.000000000,0.000000000]] | Left Length Distribution [0.991950402,0.007999600,0.000049998] | Left Letter Distribution [0.250000000,0.250000000,0.250000000,0.250000000,0.000000000] | Right Length Distribution [0.991950402,0.007999600,0.000049998] | Right Letter Distribution [0.250000000,0.250000000,0.250000000,0.250000000,0.000000000] | Left Index [3] | Right Index [12] // Basepair A145 - A169 tWH 
BasepairNode | Deletion Probability [0.0000229437914523] | Pair Probability [[0.018775607,0.004155072,0.019501541,0.004155072,0.000000000],[0.041784723,0.334819390,0.004155072,0.004155072,0.000000000],[0.004155072,0.009959982,0.031598971,0.018480329,0.000000000],[0.435115030,0.004155072,0.024107229,0.040926768,0.000000000],[0.000000000,0.000000000,0.000000000,0.000000000,0.000000000]] | Left Length Distribution [0.991950402,0.007999600,0.000049998] | Left Letter Distribution [0.250000000,0.250000000,0.250000000,0.250000000,0.000000000] | Right Length Distribution [0.991950402,0.007999600,0.000049998] | Right Letter Distribution [0.250000000,0.250000000,0.250000000,0.250000000,0.000000000] | Left Index [4] | Right Index [11] // Basepair U146 - A168 tWH 
BasepairNode | Deletion Probability [0.0000229437914523] | Pair Probability [[0.018775607,0.041784723,0.004155072,0.435115030,0.000000000],[0.004155072,0.334819390,0.009959982,0.004155072,0.000000000],[0.019501541,0.004155072,0.031598971,0.024107229,0.000000000],[0.004155072,0.004155072,0.018480329,0.040926768,0.000000000],[0.000000000,0.000000000,0.000000000,0.000000000,0.000000000]] | Left Length Distribution [0.991950402,0.007999600,0.000049998] | Left Letter Distribution [0.250000000,0.250000000,0.250000000,0.250000000,0.000000000] | Right Length Distribution [0.991950402,0.007999600,0.000049998] | Right Letter Distribution [0.250000000,0.250000000,0.250000000,0.250000000,0.000000000] | Left Index [5] | Right Index [10] // Basepair A147 - U167 tHW 
BasepairNode | Deletion Probability [0.0000229437914523] | Pair Probability [[0.027924827,0.434981715,0.003262473,0.032808466,0.000000000],[0.003262473,0.023769222,0.011390225,0.003262473,0.000000000],[0.093329234,0.003262473,0.029337962,0.014668147,0.000000000],[0.003262473,0.003262473,0.030072816,0.282142548,0.000000000],[0.000000000,0.000000000,0.000000000,0.000000000,0.000000000]] | Left Length Distribution [0.991950402,0.007999600,0.000049998] | Left Letter Distribution [0.250000000,0.250000000,0.250000000,0.250000000,0.000000000] | Right Length Distribution [0.991950402,0.007999600,0.000049998] | Right Letter Distribution [0.250000000,0.250000000,0.250000000,0.250000000,0.000000000] | Left Index [6] | Right Index [9] // Basepair A148 - C166 tHW 
BasepairNode | Deletion Probability [0.0000249735224443] | Pair Probability [[0.003744443,0.006714685,0.004304698,0.078052661,0.000000000],[0.055729281,0.026695245,0.593972767,0.037903304,0.000000000],[0.004353041,0.079734486,0.000820521,0.009213772,0.000000000],[0.079064536,0.005217015,0.010511465,0.003968079,0.000000000],[0.000000000,0.000000000,0.000000000,0.000000000,0.000000000]] | Left Length Distribution [0.999900000,0.000100000] | Left Letter Distribution [0.250000000,0.250000000,0.250000000,0.250000000,0.000000000] | Right Length Distribution [0.999900000,0.000100000] | Right Letter Distribution [0.250000000,0.250000000,0.250000000,0.250000000,0.000000000] | Left Index [7] | Right Index [8] // Basepair C149 - G165 cWW 
HairpinNode  | Num Bases [1] | Left Index [8] | Right Index [8] | Norm Constant [1.000000000000000] // Hairpin node type *
Interaction  | Interacting Bases [1,1] | Pair Probability [[0.000000000,0.000000000,0.000000000,0.000000000,0.000000000],[0.000000000,0.000000000,0.000000000,0.000000000,0.000000000],[0.000000000,0.000000000,0.000000000,0.000000000,0.000000000],[0.000000000,0.000000000,0.000000000,0.000000000,0.000000000],[0.000000000,0.000000000,0.000000000,0.000000000,1.000000000]] // Hairpin for truncation
