Character Definition | A,C,G,U,* // Define characters here
InitialNode  | Left Length Distribution [0.999900000,0.000100000] | Left Letter Distribution [0.250000000,0.250000000,0.250000000,0.250000000,0.000000000] | Right Length Distribution [0.999900000,0.000100000] | Right Letter Distribution [0.250000000,0.250000000,0.250000000,0.250000000,0.000000000] | Left Index [1] | Right Index [16] // Initial node U8 - G29 from junction 
BasepairNode | Deletion Probability [0.0000224390099112] | Pair Probability [[0.011357495,0.014122426,0.014418960,0.037643649,0.000000000],[0.305533580,0.028227484,0.042773463,0.016192886,0.000000000],[0.014734624,0.037492866,0.003338882,0.014817277,0.000000000],[0.087046211,0.014824487,0.343789173,0.013686536,0.000000000],[0.000000000,0.000000000,0.000000000,0.000000000,0.000000000]] | Left Length Distribution [0.989901010,0.009999000,0.000099990] | Left Letter Distribution [0.250000000,0.250000000,0.250000000,0.250000000,0.000000000] | Right Length Distribution [0.989901010,0.009999000,0.000099990] | Right Letter Distribution [0.250000000,0.250000000,0.250000000,0.250000000,0.000000000] | Left Index [1] | Right Index [16] // Basepair U8 - G29 cWW 
FixedNode    | Deletion Probability [0.0050000000000000] | Letter Distribution [0.166666667,0.166666667,0.166666667,0.500000000,0.000000000] | Position [2] | Left Index [2] | Right Index [15] // Fixed node on right
InitialNode  | Left Length Distribution [1.000000000] | Left Letter Distribution [0.250000000,0.250000000,0.250000000,0.250000000,0.000000000] | Right Length Distribution [0.045351474,0.907029478,0.045351474,0.002267574] | Right Letter Distribution [0.166666667,0.166666667,0.166666667,0.500000000,0.000000000] | Left Index [2] | Right Index [14] // New Initial node after Fixed node
ClusterNode  | Deletion Probability [0.000000000000000000000000000000000000000709877715752995470000] | Num Left Bases [7] | Num Right Bases [6] | Left Index [2] | Right Index [14] | Norm Constant [0.002756563557969] // Cluster node G9:G18 and G20:G26
Interaction  | Interacting Bases [4,8] | Pair Probability [[0.004966430,0.004966430,0.051077026,0.042074794,0.000000000],[0.004966430,0.052642128,0.004966430,0.017912101,0.000000000],[0.206503547,0.004966430,0.506544030,0.004966430,0.000000000],[0.017165095,0.004966430,0.015536138,0.055780127,0.000000000],[0.000000000,0.000000000,0.000000000,0.000000000,0.000000000]] // Cluster Interaction G15 - G20 cWH 
Interaction  | Interacting Bases [5,9] | Pair Probability [[0.004966430,0.004966430,0.051077026,0.042074794,0.000000000],[0.004966430,0.052642128,0.004966430,0.017912101,0.000000000],[0.206503547,0.004966430,0.506544030,0.004966430,0.000000000],[0.017165095,0.004966430,0.015536138,0.055780127,0.000000000],[0.000000000,0.000000000,0.000000000,0.000000000,0.000000000]] // Cluster Interaction G16 - G21 cWH 
Interaction  | Interacting Bases [2,11] | Pair Probability [[0.004966430,0.004966430,0.206503547,0.017165095,0.000000000],[0.004966430,0.052642128,0.004966430,0.004966430,0.000000000],[0.051077026,0.004966430,0.506544030,0.015536138,0.000000000],[0.042074794,0.017912101,0.004966430,0.055780127,0.000000000],[0.000000000,0.000000000,0.000000000,0.000000000,0.000000000]] // Cluster Interaction G11 - G24 cHW 
Interaction  | Interacting Bases [3,12] | Pair Probability [[0.004966430,0.004966430,0.206503547,0.017165095,0.000000000],[0.004966430,0.052642128,0.004966430,0.004966430,0.000000000],[0.051077026,0.004966430,0.506544030,0.015536138,0.000000000],[0.042074794,0.017912101,0.004966430,0.055780127,0.000000000],[0.000000000,0.000000000,0.000000000,0.000000000,0.000000000]] // Cluster Interaction G12 - G25 cHW 
Interaction  | Interacting Bases [1,13] | Pair Probability [[0.004966430,0.004966430,0.051077026,0.042074794,0.000000000],[0.004966430,0.052642128,0.004966430,0.017912101,0.000000000],[0.206503547,0.004966430,0.506544030,0.004966430,0.000000000],[0.017165095,0.004966430,0.015536138,0.055780127,0.000000000],[0.000000000,0.000000000,0.000000000,0.000000000,0.000000000]] // Cluster Interaction G9 - G26 cWH 
Interaction  | Interacting Bases [7,13] | Pair Probability [[0.004966430,0.004966430,0.206503547,0.017165095,0.000000000],[0.004966430,0.052642128,0.004966430,0.004966430,0.000000000],[0.051077026,0.004966430,0.506544030,0.015536138,0.000000000],[0.042074794,0.017912101,0.004966430,0.055780127,0.000000000],[0.000000000,0.000000000,0.000000000,0.000000000,0.000000000]] // Cluster Interaction G18 - G26 cHW 
Interaction  | Interacting Bases [2,4] | Pair Probability [[0.004966430,0.004966430,0.051077026,0.042074794,0.000000000],[0.004966430,0.052642128,0.004966430,0.017912101,0.000000000],[0.206503547,0.004966430,0.506544030,0.004966430,0.000000000],[0.017165095,0.004966430,0.015536138,0.055780127,0.000000000],[0.000000000,0.000000000,0.000000000,0.000000000,0.000000000]] // Cluster Interaction G11 - G15 cWH 
Interaction  | Interacting Bases [3,5] | Pair Probability [[0.004966430,0.004966430,0.051077026,0.042074794,0.000000000],[0.004966430,0.052642128,0.004966430,0.017912101,0.000000000],[0.206503547,0.004966430,0.506544030,0.004966430,0.000000000],[0.017165095,0.004966430,0.015536138,0.055780127,0.000000000],[0.000000000,0.000000000,0.000000000,0.000000000,0.000000000]] // Cluster Interaction G12 - G16 cWH 
Interaction  | Interacting Bases [8,11] | Pair Probability [[0.004966430,0.004966430,0.051077026,0.042074794,0.000000000],[0.004966430,0.052642128,0.004966430,0.017912101,0.000000000],[0.206503547,0.004966430,0.506544030,0.004966430,0.000000000],[0.017165095,0.004966430,0.015536138,0.055780127,0.000000000],[0.000000000,0.000000000,0.000000000,0.000000000,0.000000000]] // Cluster Interaction G20 - G24 cWH 
Interaction  | Interacting Bases [9,12] | Pair Probability [[0.004966430,0.004966430,0.051077026,0.042074794,0.000000000],[0.004966430,0.052642128,0.004966430,0.017912101,0.000000000],[0.206503547,0.004966430,0.506544030,0.004966430,0.000000000],[0.017165095,0.004966430,0.015536138,0.055780127,0.000000000],[0.000000000,0.000000000,0.000000000,0.000000000,0.000000000]] // Cluster Interaction G21 - G25 cWH 
Interaction  | Interacting Bases [6,6] | Pair Probability [[0.500000000,0.000000000,0.000000000,0.000000000,0.000000000],[0.000000000,0.166666667,0.000000000,0.000000000,0.000000000],[0.000000000,0.000000000,0.166666667,0.000000000,0.000000000],[0.000000000,0.000000000,0.000000000,0.166666667,0.000000000],[0.000000000,0.000000000,0.000000000,0.000000000,0.000000000]] // Left strand conserved insertion A17
Interaction  | Interacting Bases [10,10] | Pair Probability [[0.166666667,0.000000000,0.000000000,0.000000000,0.000000000],[0.000000000,0.166666667,0.000000000,0.000000000,0.000000000],[0.000000000,0.000000000,0.166666667,0.000000000,0.000000000],[0.000000000,0.000000000,0.000000000,0.500000000,0.000000000],[0.000000000,0.000000000,0.000000000,0.000000000,0.000000000]] // Right strand conserved insertion U23
Insertion    | Location [1] | Length Distribution [0.045351474,0.907029478,0.045351474,0.002267574] | Letter Distribution [0.166666667,0.166666667,0.166666667,0.500000000,0.000000000]// Insertion after nucleotide 2, position 1 in cluster node
Insertion    | Location [3] | Length Distribution [0.000000000,0.045351474,0.907029478,0.045351474,0.002267574] | Letter Distribution [0.625000000,0.125000000,0.125000000,0.125000000,0.000000000]// Insertion after nucleotide 4, position 3 in cluster node
Insertion    | Location [9] | Length Distribution [0.045351474,0.907029478,0.045351474,0.002267574] | Letter Distribution [0.166666667,0.500000000,0.166666667,0.166666667,0.000000000]// Insertion after nucleotide 10, position 9 in cluster node
InitialNode  | Left Length Distribution [0.999900000,0.000100000] | Left Letter Distribution [0.250000000,0.250000000,0.250000000,0.250000000,0.000000000] | Right Length Distribution [0.999900000,0.000100000] | Right Letter Distribution [0.250000000,0.250000000,0.250000000,0.250000000,0.000000000] | Left Index [9] | Right Index [8] // New Initial node after Cluster
HairpinNode  | Num Bases [1] | Left Index [8] | Right Index [8] | Norm Constant [1.000000000000000] // Hairpin node G18:G18
Interaction  | Interacting Bases [1,1] | Pair Probability [[0.166666667,0.000000000,0.000000000,0.000000000,0.000000000],[0.000000000,0.166666667,0.000000000,0.000000000,0.000000000],[0.000000000,0.000000000,0.500000000,0.000000000,0.000000000],[0.000000000,0.000000000,0.000000000,0.166666667,0.000000000],[0.000000000,0.000000000,0.000000000,0.000000000,0.000000000]] // Hairpin conserved non-basepairing position G18
