1 18 cWW AA 0.0114 AC 0.0141 AG 0.0144 AU 0.0376 CA 0.3055 CC 0.0282 CG 0.0428 CU 0.0162 GA 0.0147 GC 0.0375 GG 0.0033 GU 0.0148 UA 0.0870 UC 0.0148 UG 0.3438 UU 0.0137 
2 15 cWH AA 0.0050 AC 0.0050 AG 0.0511 AU 0.0421 CA 0.0050 CC 0.0526 CG 0.0050 CU 0.0179 GA 0.2065 GC 0.0050 GG 0.5065 GU 0.0050 UA 0.0172 UC 0.0050 UG 0.0155 UU 0.0558 
3 6 cWH AA 0.0050 AC 0.0050 AG 0.0511 AU 0.0421 CA 0.0050 CC 0.0526 CG 0.0050 CU 0.0179 GA 0.2065 GC 0.0050 GG 0.5065 GU 0.0050 UA 0.0172 UC 0.0050 UG 0.0155 UU 0.0558 
3 13 cHW AA 0.0050 AC 0.0050 AG 0.2065 AU 0.0172 CA 0.0050 CC 0.0526 CG 0.0050 CU 0.0050 GA 0.0511 GC 0.0050 GG 0.5065 GU 0.0155 UA 0.0421 UC 0.0179 UG 0.0050 UU 0.0558 
4 7 cWH AA 0.0050 AC 0.0050 AG 0.0511 AU 0.0421 CA 0.0050 CC 0.0526 CG 0.0050 CU 0.0179 GA 0.2065 GC 0.0050 GG 0.5065 GU 0.0050 UA 0.0172 UC 0.0050 UG 0.0155 UU 0.0558 
4 14 cHW AA 0.0050 AC 0.0050 AG 0.2065 AU 0.0172 CA 0.0050 CC 0.0526 CG 0.0050 CU 0.0050 GA 0.0511 GC 0.0050 GG 0.5065 GU 0.0155 UA 0.0421 UC 0.0179 UG 0.0050 UU 0.0558 
6 10 cWH AA 0.0050 AC 0.0050 AG 0.0511 AU 0.0421 CA 0.0050 CC 0.0526 CG 0.0050 CU 0.0179 GA 0.2065 GC 0.0050 GG 0.5065 GU 0.0050 UA 0.0172 UC 0.0050 UG 0.0155 UU 0.0558 
7 11 cWH AA 0.0050 AC 0.0050 AG 0.0511 AU 0.0421 CA 0.0050 CC 0.0526 CG 0.0050 CU 0.0179 GA 0.2065 GC 0.0050 GG 0.5065 GU 0.0050 UA 0.0172 UC 0.0050 UG 0.0155 UU 0.0558 
8 17 tSW AA 0.0156 AC 0.0146 AG 0.0030 AU 0.3062 CA 0.0146 CC 0.0147 CG 0.0030 CU 0.1271 GA 0.0143 GC 0.0030 GG 0.0030 GU 0.0144 UA 0.0138 UC 0.0295 UG 0.1392 UU 0.2841 
9 15 cHW AA 0.0015 AC 0.0015 AG 0.0627 AU 0.0052 CA 0.0015 CC 0.0160 CG 0.0015 CU 0.0015 GA 0.0775 GC 0.0075 GG 0.7634 GU 0.0236 UA 0.0128 UC 0.0054 UG 0.0015 UU 0.0169 
10 13 cWH AA 0.0050 AC 0.0050 AG 0.0511 AU 0.0421 CA 0.0050 CC 0.0526 CG 0.0050 CU 0.0179 GA 0.2065 GC 0.0050 GG 0.5065 GU 0.0050 UA 0.0172 UC 0.0050 UG 0.0155 UU 0.0558 
11 14 cWH AA 0.0050 AC 0.0050 AG 0.0511 AU 0.0421 CA 0.0050 CC 0.0526 CG 0.0050 CU 0.0179 GA 0.2065 GC 0.0050 GG 0.5065 GU 0.0050 UA 0.0172 UC 0.0050 UG 0.0155 UU 0.0558 
