Character Definition | A,C,G,U,* // Define characters here
InitialNode  | Left Length Distribution [0.999900000,0.000100000] | Left Letter Distribution [0.250000000,0.250000000,0.250000000,0.250000000,0.000000000] | Right Length Distribution [0.999900000,0.000100000] | Right Letter Distribution [0.250000000,0.250000000,0.250000000,0.250000000,0.000000000] | Left Index [1] | Right Index [18] // Initial node C72 - G90 from junction 
BasepairNode | Deletion Probability [0.0000224390099112] | Pair Probability [[0.009631000,0.017270697,0.011072020,0.200757565,0.000000000],[0.020477154,0.009808895,0.220945507,0.013927182,0.000000000],[0.011196362,0.205083350,0.002110445,0.023698544,0.000000000],[0.203360186,0.013418572,0.027036311,0.010206209,0.000000000],[0.000000000,0.000000000,0.000000000,0.000000000,0.000000000]] | Left Length Distribution [0.989901010,0.009999000,0.000099990] | Left Letter Distribution [0.250000000,0.250000000,0.250000000,0.250000000,0.000000000] | Right Length Distribution [0.989901010,0.009999000,0.000099990] | Right Letter Distribution [0.250000000,0.250000000,0.250000000,0.250000000,0.000000000] | Left Index [1] | Right Index [18] // Basepair C72 - G90 cWW 
BasepairNode | Deletion Probability [0.0000224390099112] | Pair Probability [[0.113862076,0.120538352,0.001366838,0.006441913,0.000000000],[0.114707989,0.120259235,0.001366838,0.001366838,0.000000000],[0.146584821,0.001366838,0.006682038,0.116012068,0.000000000],[0.127100484,0.119609993,0.001366838,0.001366838,0.000000000],[0.000000000,0.000000000,0.000000000,0.000000000,0.000000000]] | Left Length Distribution [0.989901010,0.009999000,0.000099990] | Left Letter Distribution [0.250000000,0.250000000,0.250000000,0.250000000,0.000000000] | Right Length Distribution [0.989901010,0.009999000,0.000099990] | Right Letter Distribution [0.250000000,0.250000000,0.250000000,0.250000000,0.000000000] | Left Index [2] | Right Index [17] // Basepair G73 - A89 tSH 
ClusterNode  | Deletion Probability [0.000000000000015254027177953870000000000000000000000000000000] | Num Left Bases [1] | Num Right Bases [4] | Left Index [3] | Right Index [16] | Norm Constant [0.402070129462125] // Cluster node A74:A74 and C84:G88
Interaction  | Interacting Bases [1,2] | Pair Probability [[0.188988879,0.208419340,0.192980616,0.185917981,0.000000000],[0.001985183,0.001985183,0.019245655,0.001985183,0.000000000],[0.013512211,0.001985183,0.014192622,0.160861229,0.000000000],[0.001985183,0.001985183,0.001985183,0.001985183,0.000000000],[0.000000000,0.000000000,0.000000000,0.000000000,0.000000000]] // Cluster Interaction A74 - C84 tSS 
Interaction  | Interacting Bases [1,5] | Pair Probability [[0.113862076,0.114707989,0.146584821,0.127100484,0.000000000],[0.120538352,0.120259235,0.001366838,0.119609993,0.000000000],[0.001366838,0.001366838,0.006682038,0.001366838,0.000000000],[0.006441913,0.001366838,0.116012068,0.001366838,0.000000000],[0.000000000,0.000000000,0.000000000,0.000000000,0.000000000]] // Cluster Interaction A74 - G88 tHS 
Interaction  | Interacting Bases [3,3] | Pair Probability [[0.166666667,0.000000000,0.000000000,0.000000000,0.000000000],[0.000000000,0.500000000,0.000000000,0.000000000,0.000000000],[0.000000000,0.000000000,0.166666667,0.000000000,0.000000000],[0.000000000,0.000000000,0.000000000,0.166666667,0.000000000],[0.000000000,0.000000000,0.000000000,0.000000000,0.000000000]] // Right strand conserved insertion C85
Interaction  | Interacting Bases [4,4] | Pair Probability [[0.166666667,0.000000000,0.000000000,0.000000000,0.000000000],[0.000000000,0.166666667,0.000000000,0.000000000,0.000000000],[0.000000000,0.000000000,0.500000000,0.000000000,0.000000000],[0.000000000,0.000000000,0.000000000,0.166666667,0.000000000],[0.000000000,0.000000000,0.000000000,0.000000000,0.000000000]] // Right strand conserved insertion G86
Insertion    | Location [4] | Length Distribution [0.045351474,0.907029478,0.045351474,0.002267574] | Letter Distribution [0.166666667,0.500000000,0.166666667,0.166666667,0.000000000]// Insertion after nucleotide 15, position 4 in cluster node
InitialNode  | Left Length Distribution [0.989901010,0.009999000,0.000099990] | Left Letter Distribution [0.250000000,0.250000000,0.250000000,0.250000000,0.000000000] | Right Length Distribution [0.989901010,0.009999000,0.000099990] | Right Letter Distribution [0.250000000,0.250000000,0.250000000,0.250000000,0.000000000] | Left Index [4] | Right Index [12] // Initial node A75 - A83 from junction 
FixedNode    | Deletion Probability [0.0050000000000000] | Letter Distribution [0.833333333,0.055555556,0.055555556,0.055555556,0.000000000] | Position [2] | Left Index [4] | Right Index [12] // Fixed node on right
InitialNode  | Left Length Distribution [1.000000000] | Left Letter Distribution [0.250000000,0.250000000,0.250000000,0.250000000,0.000000000] | Right Length Distribution [0.989901010,0.009999000,0.000099990] | Right Letter Distribution [0.250000000,0.250000000,0.250000000,0.250000000,0.000000000] | Left Index [4] | Right Index [11] // New Initial node after Fixed node
BasepairNode | Deletion Probability [0.0000224390099112] | Pair Probability [[0.611455387,0.027954752,0.049808635,0.027358010,0.000000000],[0.018714254,0.010440425,0.027451888,0.026546056,0.000000000],[0.038088387,0.028025658,0.006015544,0.029369199,0.000000000],[0.026585026,0.029898748,0.020462393,0.021825637,0.000000000],[0.000000000,0.000000000,0.000000000,0.000000000,0.000000000]] | Left Length Distribution [0.989901010,0.009999000,0.000099990] | Left Letter Distribution [0.250000000,0.250000000,0.250000000,0.250000000,0.000000000] | Right Length Distribution [0.989901010,0.009999000,0.000099990] | Right Letter Distribution [0.250000000,0.250000000,0.250000000,0.250000000,0.000000000] | Left Index [4] | Right Index [11] // Basepair A75 - A82 cWW 
HairpinNode  | Num Bases [6] | Left Index [5] | Right Index [10] | Norm Constant [0.999999999999999] // Hairpin node U76:G81
Interaction  | Interacting Bases [1,1] | Pair Probability [[0.166666667,0.000000000,0.000000000,0.000000000,0.000000000],[0.000000000,0.166666667,0.000000000,0.000000000,0.000000000],[0.000000000,0.000000000,0.166666667,0.000000000,0.000000000],[0.000000000,0.000000000,0.000000000,0.500000000,0.000000000],[0.000000000,0.000000000,0.000000000,0.000000000,0.000000000]] // Hairpin conserved non-basepairing position U76
Interaction  | Interacting Bases [2,2] | Pair Probability [[0.166666667,0.000000000,0.000000000,0.000000000,0.000000000],[0.000000000,0.166666667,0.000000000,0.000000000,0.000000000],[0.000000000,0.000000000,0.166666667,0.000000000,0.000000000],[0.000000000,0.000000000,0.000000000,0.500000000,0.000000000],[0.000000000,0.000000000,0.000000000,0.000000000,0.000000000]] // Hairpin conserved non-basepairing position U77
Interaction  | Interacting Bases [3,3] | Pair Probability [[0.166666667,0.000000000,0.000000000,0.000000000,0.000000000],[0.000000000,0.166666667,0.000000000,0.000000000,0.000000000],[0.000000000,0.000000000,0.500000000,0.000000000,0.000000000],[0.000000000,0.000000000,0.000000000,0.166666667,0.000000000],[0.000000000,0.000000000,0.000000000,0.000000000,0.000000000]] // Hairpin conserved non-basepairing position G78
Interaction  | Interacting Bases [4,4] | Pair Probability [[0.166666667,0.000000000,0.000000000,0.000000000,0.000000000],[0.000000000,0.500000000,0.000000000,0.000000000,0.000000000],[0.000000000,0.000000000,0.166666667,0.000000000,0.000000000],[0.000000000,0.000000000,0.000000000,0.166666667,0.000000000],[0.000000000,0.000000000,0.000000000,0.000000000,0.000000000]] // Hairpin conserved non-basepairing position C79
Interaction  | Interacting Bases [5,5] | Pair Probability [[0.500000000,0.000000000,0.000000000,0.000000000,0.000000000],[0.000000000,0.166666667,0.000000000,0.000000000,0.000000000],[0.000000000,0.000000000,0.166666667,0.000000000,0.000000000],[0.000000000,0.000000000,0.000000000,0.166666667,0.000000000],[0.000000000,0.000000000,0.000000000,0.000000000,0.000000000]] // Hairpin conserved non-basepairing position A80
Interaction  | Interacting Bases [6,6] | Pair Probability [[0.166666667,0.000000000,0.000000000,0.000000000,0.000000000],[0.000000000,0.166666667,0.000000000,0.000000000,0.000000000],[0.000000000,0.000000000,0.500000000,0.000000000,0.000000000],[0.000000000,0.000000000,0.000000000,0.166666667,0.000000000],[0.000000000,0.000000000,0.000000000,0.000000000,0.000000000]] // Hairpin conserved non-basepairing position G81
