Character Definition | A,C,G,U,* // Define characters here
InitialNode  | Left Length Distribution [0.999900000,0.000100000] | Left Letter Distribution [0.250000000,0.250000000,0.250000000,0.250000000,0.000000000] | Right Length Distribution [0.999900000,0.000100000] | Right Letter Distribution [0.250000000,0.250000000,0.250000000,0.250000000,0.000000000] | Left Index [1] | Right Index [18] // Initial node C5 - G23 from junction 
BasepairNode | Deletion Probability [0.0000224390099112] | Pair Probability [[0.009631000,0.017270697,0.011072020,0.200757565,0.000000000],[0.020477154,0.009808895,0.220945507,0.013927182,0.000000000],[0.011196362,0.205083350,0.002110445,0.023698544,0.000000000],[0.203360186,0.013418572,0.027036311,0.010206209,0.000000000],[0.000000000,0.000000000,0.000000000,0.000000000,0.000000000]] | Left Length Distribution [0.989901010,0.009999000,0.000099990] | Left Letter Distribution [0.250000000,0.250000000,0.250000000,0.250000000,0.000000000] | Right Length Distribution [0.989901010,0.009999000,0.000099990] | Right Letter Distribution [0.250000000,0.250000000,0.250000000,0.250000000,0.000000000] | Left Index [1] | Right Index [18] // Basepair C5 - G23 cWW 
FixedNode    | Deletion Probability [0.0050000000000000] | Letter Distribution [0.166666667,0.166666667,0.166666667,0.500000000,0.000000000] | Position [1] | Left Index [2] | Right Index [17] // Fixed node on left
InitialNode  | Left Length Distribution [0.989901010,0.009999000,0.000099990] | Left Letter Distribution [0.250000000,0.250000000,0.250000000,0.250000000,0.000000000] | Right Length Distribution [1.000000000] | Right Letter Distribution [0.250000000,0.250000000,0.250000000,0.250000000,0.000000000] | Left Index [3] | Right Index [17] // New Initial node after Fixed node
FixedNode    | Deletion Probability [0.0050000000000000] | Letter Distribution [0.166666667,0.166666667,0.166666667,0.500000000,0.000000000] | Position [2] | Left Index [3] | Right Index [17] // Fixed node on right
InitialNode  | Left Length Distribution [1.000000000] | Left Letter Distribution [0.250000000,0.250000000,0.250000000,0.250000000,0.000000000] | Right Length Distribution [0.989901010,0.009999000,0.000099990] | Right Letter Distribution [0.250000000,0.250000000,0.250000000,0.250000000,0.000000000] | Left Index [3] | Right Index [16] // New Initial node after Fixed node
BasepairNode | Deletion Probability [0.0000224390099112] | Pair Probability [[0.113862076,0.120538352,0.001366838,0.006441913,0.000000000],[0.114707989,0.120259235,0.001366838,0.001366838,0.000000000],[0.146584821,0.001366838,0.006682038,0.116012068,0.000000000],[0.127100484,0.119609993,0.001366838,0.001366838,0.000000000],[0.000000000,0.000000000,0.000000000,0.000000000,0.000000000]] | Left Length Distribution [0.989901010,0.009999000,0.000099990] | Left Letter Distribution [0.250000000,0.250000000,0.250000000,0.250000000,0.000000000] | Right Length Distribution [0.989901010,0.009999000,0.000099990] | Right Letter Distribution [0.250000000,0.250000000,0.250000000,0.250000000,0.000000000] | Left Index [3] | Right Index [16] // Basepair G7 - A21 tSH 
BasepairNode | Deletion Probability [0.0000001156129129] | Pair Probability [[0.113862076,0.114707989,0.146584821,0.127100484,0.000000000],[0.120538352,0.120259235,0.001366838,0.119609993,0.000000000],[0.001366838,0.001366838,0.006682038,0.001366838,0.000000000],[0.006441913,0.001366838,0.116012068,0.001366838,0.000000000],[0.000000000,0.000000000,0.000000000,0.000000000,0.000000000]] | Left Length Distribution [0.989901010,0.009999000,0.000099990] | Left Letter Distribution [0.250000000,0.250000000,0.250000000,0.250000000,0.000000000] | Right Length Distribution [0.045351474,0.907029478,0.045351474,0.002267574] | Right Letter Distribution [0.166666667,0.166666667,0.166666667,0.500000000,0.000000000] | Left Index [4] | Right Index [15] // Basepair A8 - G20 tHS 
HairpinNode  | Num Bases [10] | Left Index [5] | Right Index [14] | Norm Constant [0.999999999999998] // Hairpin node C9:G18
Interaction  | Interacting Bases [1,1] | Pair Probability [[0.166666667,0.000000000,0.000000000,0.000000000,0.000000000],[0.000000000,0.500000000,0.000000000,0.000000000,0.000000000],[0.000000000,0.000000000,0.166666667,0.000000000,0.000000000],[0.000000000,0.000000000,0.000000000,0.166666667,0.000000000],[0.000000000,0.000000000,0.000000000,0.000000000,0.000000000]] // Hairpin conserved non-basepairing position C9
Interaction  | Interacting Bases [2,2] | Pair Probability [[0.166666667,0.000000000,0.000000000,0.000000000,0.000000000],[0.000000000,0.500000000,0.000000000,0.000000000,0.000000000],[0.000000000,0.000000000,0.166666667,0.000000000,0.000000000],[0.000000000,0.000000000,0.000000000,0.166666667,0.000000000],[0.000000000,0.000000000,0.000000000,0.000000000,0.000000000]] // Hairpin conserved non-basepairing position C10
Interaction  | Interacting Bases [3,3] | Pair Probability [[0.166666667,0.000000000,0.000000000,0.000000000,0.000000000],[0.000000000,0.166666667,0.000000000,0.000000000,0.000000000],[0.000000000,0.000000000,0.500000000,0.000000000,0.000000000],[0.000000000,0.000000000,0.000000000,0.166666667,0.000000000],[0.000000000,0.000000000,0.000000000,0.000000000,0.000000000]] // Hairpin conserved non-basepairing position G11
Interaction  | Interacting Bases [4,4] | Pair Probability [[0.500000000,0.000000000,0.000000000,0.000000000,0.000000000],[0.000000000,0.166666667,0.000000000,0.000000000,0.000000000],[0.000000000,0.000000000,0.166666667,0.000000000,0.000000000],[0.000000000,0.000000000,0.000000000,0.166666667,0.000000000],[0.000000000,0.000000000,0.000000000,0.000000000,0.000000000]] // Hairpin conserved non-basepairing position A12
Interaction  | Interacting Bases [5,5] | Pair Probability [[0.500000000,0.000000000,0.000000000,0.000000000,0.000000000],[0.000000000,0.166666667,0.000000000,0.000000000,0.000000000],[0.000000000,0.000000000,0.166666667,0.000000000,0.000000000],[0.000000000,0.000000000,0.000000000,0.166666667,0.000000000],[0.000000000,0.000000000,0.000000000,0.000000000,0.000000000]] // Hairpin conserved non-basepairing position A13
Interaction  | Interacting Bases [6,6] | Pair Probability [[0.500000000,0.000000000,0.000000000,0.000000000,0.000000000],[0.000000000,0.166666667,0.000000000,0.000000000,0.000000000],[0.000000000,0.000000000,0.166666667,0.000000000,0.000000000],[0.000000000,0.000000000,0.000000000,0.166666667,0.000000000],[0.000000000,0.000000000,0.000000000,0.000000000,0.000000000]] // Hairpin conserved non-basepairing position A14
Interaction  | Interacting Bases [7,7] | Pair Probability [[0.166666667,0.000000000,0.000000000,0.000000000,0.000000000],[0.000000000,0.166666667,0.000000000,0.000000000,0.000000000],[0.000000000,0.000000000,0.500000000,0.000000000,0.000000000],[0.000000000,0.000000000,0.000000000,0.166666667,0.000000000],[0.000000000,0.000000000,0.000000000,0.000000000,0.000000000]] // Hairpin conserved non-basepairing position G15
Interaction  | Interacting Bases [8,8] | Pair Probability [[0.166666667,0.000000000,0.000000000,0.000000000,0.000000000],[0.000000000,0.166666667,0.000000000,0.000000000,0.000000000],[0.000000000,0.000000000,0.500000000,0.000000000,0.000000000],[0.000000000,0.000000000,0.000000000,0.166666667,0.000000000],[0.000000000,0.000000000,0.000000000,0.000000000,0.000000000]] // Hairpin conserved non-basepairing position G16
Interaction  | Interacting Bases [9,9] | Pair Probability [[0.166666667,0.000000000,0.000000000,0.000000000,0.000000000],[0.000000000,0.500000000,0.000000000,0.000000000,0.000000000],[0.000000000,0.000000000,0.166666667,0.000000000,0.000000000],[0.000000000,0.000000000,0.000000000,0.166666667,0.000000000],[0.000000000,0.000000000,0.000000000,0.000000000,0.000000000]] // Hairpin conserved non-basepairing position C17
Interaction  | Interacting Bases [10,10] | Pair Probability [[0.166666667,0.000000000,0.000000000,0.000000000,0.000000000],[0.000000000,0.166666667,0.000000000,0.000000000,0.000000000],[0.000000000,0.000000000,0.500000000,0.000000000,0.000000000],[0.000000000,0.000000000,0.000000000,0.166666667,0.000000000],[0.000000000,0.000000000,0.000000000,0.000000000,0.000000000]] // Hairpin conserved non-basepairing position G18
