<html><title>IL_65524.1 alignment</title>
<h1>Alignment of IL_65524.1 sequences from 3D to the JAR3D model</h1>
<a href="IL_65055.1_GroupToModelDiagnostic.html">Previous group</a> | <a href="IL_66123.1_GroupToModelDiagnostic.html">Next group</a> | <a href="GroupToModelDiagnostic.html">List of all groups</a> | <a href="http://rna.bgsu.edu/rna3dhub/motif/view/IL_65524.1" target="_blank">Motif atlas entry for IL_65524.1</a>  <br>The correspondence between sequences from 3D structures and the motif group is shown in blue and the JAR3D alignment of the sequences to the motif group is shown in black.  Occasionally the two disagree, in which case the JAR3D alignment is shown in red.<table><tr valign=top><th align="left">Column number:<br>Node in JAR3D model:<br>Insertion positions indicated by I:<br>Position in motif group:</th><th>1<br>1<br>I<br><br></th><th>2<br>2<br><br>1<br></th><th>3<br>2<br>I<br><br></th><th>4<br>3<br><br>2<br></th><th>5<br>3<br>I<br><br></th><th>6<br>4<br><br>3<br></th><th>7<br>4<br>I<br><br></th><th>8<br>5<br><br>4<br></th><th>9<br>5<br>I<br><br></th><th>10<br>6<br><br>5<br></th><th>11<br>6<br>I<br><br></th><th>12<br>7<br><br>6<br></th><th>13<br>7<br>I<br><br></th><th>14<br>8<br><br><br></th><th>15<br>7<br>I<br><br></th><th>16<br>7<br><br>7<br></th><th>17<br>6<br>I<br><br></th><th>18<br>6<br><br>8<br></th><th>19<br>5<br>I<br><br></th><th>20<br>5<br><br>9<br></th><th>21<br>4<br>I<br><br></th><th>22<br>4<br><br>10<br></th><th>23<br>3<br>I<br><br></th><th>24<br>3<br><br>11<br></th><th>25<br>2<br>I<br><br></th><th>26<br>2<br><br>12<br></th><th>27<br>1<br>I<br><br></th><th><br>In<br>acceptance<br>region</th><th><br><br>Cutoff<br>score</th><th><br>Full<br>edit<br>distance</th><th><br>Interior<br>edit<br>distance</th><th><br>Alignment<br>score<br>deficit</th></tr>
<tr><td><font color = "blue">IL_65524.1_Instance_1 IL_65524.1_IL_3FTF_001_G1515_C1520</td><td><font color = "blue"></td><td><font color = "blue">G</td><td><font color = "blue"></td><td><font color = "blue">G</td><td><font color = "blue"></td><td><font color = "blue">G</td><td><font color = "blue"></td><td><font color = "blue">A</td><td><font color = "blue"></td><td><font color = "blue">A</td><td><font color = "blue"></td><td><font color = "blue">C</td><td><font color = "blue"></td><td><font color = "blue"></td><td><font color = "blue"></td><td><font color = "blue">G</td><td><font color = "blue"></td><td><font color = "blue">G</td><td><font color = "blue"></td><td><font color = "blue">G</td><td><font color = "blue"></td><td><font color = "blue">A</td><td><font color = "blue"></td><td><font color = "blue">A</td><td><font color = "blue"></td><td><font color = "blue">C</td><td><font color = "blue"></td><td align="right"></td><td align="right"></td><td align="right"></td><td align="right"></td><td align="right"></td></tr>
<tr><td><font color = "black">IL_65524.1_Sequence_1 IL_65524.1_IL_3FTF_001_G_1515_C_1520</td><td><font color = "black"></td><td><font color = "black">G</td><td><font color = "black"></td><td><font color = "black">G</td><td><font color = "black"></td><td><font color = "black">G</td><td><font color = "black"></td><td><font color = "black">A</td><td><font color = "black"></td><td><font color = "black">A</td><td><font color = "black"></td><td><font color = "black">C</td><td><font color = "black"></td><td><font color = "black">*</td><td><font color = "black"></td><td><font color = "black">G</td><td><font color = "black"></td><td><font color = "black">G</td><td><font color = "black"></td><td><font color = "black">G</td><td><font color = "black"></td><td><font color = "black">A</td><td><font color = "black"></td><td><font color = "black">A</td><td><font color = "black"></td><td><font color = "black">C</td><td><font color = "black"></td><td align="right">true</td><td align="right">100</td><td align="right">0</td><td align="right">0</td><td align="right">0.00</td></tr>
</table><br><b>Conserved interactions between motif group positions in IL_65524.1:</b><pre>1 2 s35 
1 12 cWW 
2 3 s35 
2 11 tSH 
2 12 s55 
3 4 s35 
3 9 s33 
3 10 tSH 
4 5 s35 
4 8 s33 
4 9 tHS 
4 10 s55 
5 6 s35 
5 8 tHS 
6 7 cWW 
6 8 s55 
7 8 s35 
8 9 s35 
10 11 s35 
11 12 s35 
2 10 6BPh
12 11 7BPh
11 2 6BR
5 8 6BR
</pre><b>JAR3D SCFG/MRF model for IL_65524.1:</b><pre>Character Definition | A,C,G,U,* // Define characters here
InitialNode  | Left Length Distribution [0.999900000,0.000100000] | Left Letter Distribution [0.250000000,0.250000000,0.250000000,0.250000000,0.000000000] | Right Length Distribution [0.999900000,0.000100000] | Right Letter Distribution [0.250000000,0.250000000,0.250000000,0.250000000,0.000000000] | Left Index [1] | Right Index [12] // Initial node G1515 - C1520 from junction 
BasepairNode | Deletion Probability [0.0000224390099112] | Pair Probability [[0.003861747,0.056298454,0.004397499,0.079872036,0.000000000],[0.006783263,0.026507815,0.080548829,0.005270297,0.000000000],[0.004348662,0.590132004,0.000828901,0.010618820,0.000000000],[0.078849827,0.038290418,0.009307874,0.004083553,0.000000000],[0.000000000,0.000000000,0.000000000,0.000000000,0.000000000]] | Left Length Distribution [0.989901010,0.009999000,0.000099990] | Left Letter Distribution [0.250000000,0.250000000,0.250000000,0.250000000,0.000000000] | Right Length Distribution [0.989901010,0.009999000,0.000099990] | Right Letter Distribution [0.250000000,0.250000000,0.250000000,0.250000000,0.000000000] | Left Index [1] | Right Index [12] // Basepair G1515 - C1520 cWW 
BasepairNode | Deletion Probability [0.0000224390099112] | Pair Probability [[0.044130649,0.046718239,0.000529759,0.002496756,0.000000000],[0.044458508,0.046610059,0.000529759,0.000529759,0.000000000],[0.380732303,0.003708313,0.018128765,0.314747597,0.000000000],[0.049261589,0.046358426,0.000529759,0.000529759,0.000000000],[0.000000000,0.000000000,0.000000000,0.000000000,0.000000000]] | Left Length Distribution [0.989901010,0.009999000,0.000099990] | Left Letter Distribution [0.250000000,0.250000000,0.250000000,0.250000000,0.000000000] | Right Length Distribution [0.989901010,0.009999000,0.000099990] | Right Letter Distribution [0.250000000,0.250000000,0.250000000,0.250000000,0.000000000] | Left Index [2] | Right Index [11] // Basepair G1516 - A1519 tSH 
BasepairNode | Deletion Probability [0.0000224390099112] | Pair Probability [[0.113862076,0.120538352,0.001366838,0.006441913,0.000000000],[0.114707989,0.120259235,0.001366838,0.001366838,0.000000000],[0.146584821,0.001366838,0.006682038,0.116012068,0.000000000],[0.127100484,0.119609993,0.001366838,0.001366838,0.000000000],[0.000000000,0.000000000,0.000000000,0.000000000,0.000000000]] | Left Length Distribution [0.989901010,0.009999000,0.000099990] | Left Letter Distribution [0.250000000,0.250000000,0.250000000,0.250000000,0.000000000] | Right Length Distribution [0.989901010,0.009999000,0.000099990] | Right Letter Distribution [0.250000000,0.250000000,0.250000000,0.250000000,0.000000000] | Left Index [3] | Right Index [10] // Basepair G1517 - A1518 tSH 
BasepairNode | Deletion Probability [0.0000224390099112] | Pair Probability [[0.113862076,0.114707989,0.146584821,0.127100484,0.000000000],[0.120538352,0.120259235,0.001366838,0.119609993,0.000000000],[0.001366838,0.001366838,0.006682038,0.001366838,0.000000000],[0.006441913,0.001366838,0.116012068,0.001366838,0.000000000],[0.000000000,0.000000000,0.000000000,0.000000000,0.000000000]] | Left Length Distribution [0.989901010,0.009999000,0.000099990] | Left Letter Distribution [0.250000000,0.250000000,0.250000000,0.250000000,0.000000000] | Right Length Distribution [0.989901010,0.009999000,0.000099990] | Right Letter Distribution [0.250000000,0.250000000,0.250000000,0.250000000,0.000000000] | Left Index [4] | Right Index [9] // Basepair A1518 - G1517 tHS 
BasepairNode | Deletion Probability [0.0000224390099112] | Pair Probability [[0.113862076,0.114707989,0.146584821,0.127100484,0.000000000],[0.120538352,0.120259235,0.001366838,0.119609993,0.000000000],[0.001366838,0.001366838,0.006682038,0.001366838,0.000000000],[0.006441913,0.001366838,0.116012068,0.001366838,0.000000000],[0.000000000,0.000000000,0.000000000,0.000000000,0.000000000]] | Left Length Distribution [0.989901010,0.009999000,0.000099990] | Left Letter Distribution [0.250000000,0.250000000,0.250000000,0.250000000,0.000000000] | Right Length Distribution [0.989901010,0.009999000,0.000099990] | Right Letter Distribution [0.250000000,0.250000000,0.250000000,0.250000000,0.000000000] | Left Index [5] | Right Index [8] // Basepair A1519 - G1516 tHS 
BasepairNode | Deletion Probability [0.0000249735224443] | Pair Probability [[0.009631000,0.017270697,0.011072020,0.200757565,0.000000000],[0.020477154,0.009808895,0.220945507,0.013927182,0.000000000],[0.011196362,0.205083350,0.002110445,0.023698544,0.000000000],[0.203360186,0.013418572,0.027036311,0.010206209,0.000000000],[0.000000000,0.000000000,0.000000000,0.000000000,0.000000000]] | Left Length Distribution [0.999900000,0.000100000] | Left Letter Distribution [0.250000000,0.250000000,0.250000000,0.250000000,0.000000000] | Right Length Distribution [0.999900000,0.000100000] | Right Letter Distribution [0.250000000,0.250000000,0.250000000,0.250000000,0.000000000] | Left Index [6] | Right Index [7] // Basepair C1520 - G1515 cWW 
HairpinNode  | Num Bases [1] | Left Index [7] | Right Index [7] | Norm Constant [1.000000000000000] // Hairpin node type *
Interaction  | Interacting Bases [1,1] | Pair Probability [[0.000000000,0.000000000,0.000000000,0.000000000,0.000000000],[0.000000000,0.000000000,0.000000000,0.000000000,0.000000000],[0.000000000,0.000000000,0.000000000,0.000000000,0.000000000],[0.000000000,0.000000000,0.000000000,0.000000000,0.000000000],[0.000000000,0.000000000,0.000000000,0.000000000,1.000000000]] // Hairpin for truncation
</pre><b>Sequences of instances from IL_65524.1:<b><pre>> IL_65524.1 IL_3FTF_001 G 1515 C 1520
GGGAAC*GGGAAC
</pre></html>